# R list of mol masses of UKCA species!

# Alex Archibald, CAS, January 2012

mm.o3p       <- 0.5523
mm.o1d       <- 0.5523
mm.o3        <- 1.657 
mm.no        <- 1.036                           
mm.no3       <- 2.140 
mm.no2       <- 1.588                         
mm.n2o5      <- 3.728 
mm.ho2no2    <- 2.727                     
mm.hono2     <- 2.175 
mm.oh        <- 0.5868                       
mm.ho2       <- 1.139 
mm.h2        <- 0.06904                        
mm.h2o2      <- 1.174 
mm.ch4       <- 0.5523                       
mm.c         <- 0.4142 
mm.co        <- 0.9665 
mm.co2       <- 1.5188          
mm.hcho      <- 1.036 
mm.meoo      <- 1.622                       
mm.h2o       <- 0.6213 
mm.h2os      <- 0.6213 
mm.meooh     <- 1.657                      
mm.hono      <- 1.622 
mm.o2        <- 1.105                         
mm.n2        <- 0.9665 
mm.c2h6      <- 1.036                        
mm.etoo      <- 2.106 
mm.etooh     <- 2.140                      
mm.mecho     <- 1.519
mm.toth      <- 1.000                        
mm.meco3     <- 2.589 
mm.pan       <- 4.177                       
mm.c3h8      <- 1.519 
mm.proo      <- 2.589                       
mm.prooh     <- 2.623 
mm.etcho     <- 2.002                     
mm.etco3     <- 3.072 
mm.me2co     <- 2.002          
mm.mecoch2oo <- 3.072 
mm.mecoch2ooh<- 3.107            
mm.ppan      <- 4.660 
mm.meono2    <- 2.658                     
mm.n         <- 0.48325 
mm.h         <- 0.03452                         
mm.n2o       <- 1.5188 
mm.cfcl3     <- 4.7480                     
mm.cf2cl2    <- 4.1783 
mm.clo       <- 1.7784                    
mm.hcl       <- 1.2604
mm.clono2    <- 3.3668                    
mm.hocl      <- 1.8129
mm.oclo      <- 2.3309                     
mm.bro       <- 3.315
mm.brono2    <- 4.9034                     
mm.hbr       <- 2.7970
mm.hobr      <- 3.3495                      
mm.brcl      <- 3.9884
mm.mebr      <- 3.2805                     
mm.so2       <- 2.2112 
mm.so3       <- 2.7615                      
mm.me2s      <- 2.145
mm.dms       <- 2.145
mm.ocs       <- 2.0711                      
mm.sad       <- 4.1255
mm.msa       <- 3.317
mm.s         <- 1.1046                           
mm.h2so4     <- 3.385
mm.cf2clcfcl2<- 6.4722              
mm.chf2cl    <- 2.9858
mm.meccl3    <- 4.6082                 
mm.ccl4      <- 5.3158
mm.mecl      <- 1.7432                     
mm.cf2clbr   <- 5.7128
mm.cf3br     <- 5.1432                 
mm.cl        <- 1.2261 
mm.cl2o2     <- 3.5568
mm.br        <- 2.7627
mm.ch2br2    <- 6.0013
mm.mecf2cl   <- 3.4673
mm.cf2br2    <- 7.2489
mm.cf2brcf2br<- 8.9748
mm.cf2clcf3  <- 5.3314
mm.cf2clcf2cl<- 5.8992
mm.mecfcl2   <- 4.0352
mm.c5h8      <- 2.3473 
mm.iso2      <- 4.0387       
mm.isooh     <- 4.0732 
mm.ison      <- 5.3504  # might be revised to 5.0052
#                       for raq chem where ison<- (no3)c4h6cho: c5h7no4: 145
mm.macr      <- 2.4163 
mm.macro2    <- 4.1077       
mm.macrooh   <- 4.1422 
mm.mpan      <- 5.0742       
mm.hacet     <- 2.5544 
mm.mgly      <- 2.4853       
mm.nald      <- 3.6244 
mm.hcooh     <- 1.5878       
mm.meco3h    <- 2.6234 
mm.meco2h    <- 2.0711      
mm.nh3       <- 0.5879
mm.monoterp  <- 4.7034
mm.sec_org   <- 5.1782    # mw=150.
mm.meoh      <- 1.1046
mm.c4h10     <- 2.0021
mm.c2h4      <- 0.9665
mm.c3h6      <- 1.4498
mm.rnc2h4    <- 3.6244
mm.rnc3h6    <- 4.1077
#     rnc2h4 & rnc3h6 are ch2(no3)cho & ch3ch(no3)cho
mm.ch3oh     <- 1.1046
mm.toluene   <- 3.1757
mm.oxylene   <- 3.6590
mm.memald    <- 3.3828
#     memaldial is ch3-co-ch=ch-cho, ring fragmentation
#     product from degradation of toluene and o-xylene
mm.buooh     <- 3.1067
mm.mek       <- 2.4853
mm.mvk       <- 2.4163
mm.mvkooh    <- 4.1422
mm.gly       <- 2.0021  
mm.rnc5h8    <- 5.0052
mm.orgnit    <- 5.5230
mm.buoo      <- 3.0721
mm.meko2     <- 3.5554
mm.hoc2h4o2  <- 2.6579
mm.hoc3h6o2  <- 3.1412
mm.hoipo2    <- 4.0387
mm.tolp1     <- 3.7280
mm.oxyl1     <- 4.2113
mm.memald1   <- 3.9351
mm.homvko2   <- 4.1077
